0.575603842764
7.75313442782
-2.06306719286
-17.5124859282
-28.303625201
-10.1281743797
-12.5563078779
-4.03183906683
-5.94564449715
2.22963740414
-0.426209782733
9.57574802116
16.5239731642
-20.0878571063
-13.8035629607
-7.83158351501
8.68628442871
-8.12197573836
0.789007388004
-13.592358366
9.97916651745
-4.68186987196
14.3890959388
-12.6317099256
4.43010180265
2.63554299961
9.62693278931
1.81995797518
-5.33904153024
18.9276017644
8.97247528986
-7.96475688394
-11.0630544069
2.8718095053
-14.195923845
7.69179828155
28.0114314111
-8.59532225249
-4.16997466678
-1.10201080648
13.0152991583
1.29134678199
-6.24104922928
0.189663473278
0.57589863609
-13.942504234
11.7542694783
22.9339787944
4.52796812934
-13.7780925517
-10.4170908368
15.2338191075
13.8010109834
11.0316793327
1.88164776752
5.33784423981
4.44713476462
7.25612945024
-5.11144264445
-0.117468910788
18.8889537059
-3.31679961828
-9.02803892583
-5.49748234393
-1.51196004633
6.04441221044
-4.75741379804
17.5314926504
-14.2022215567
-12.3269387697
12.9327422709
-10.0983719339
2.6787396032
4.17994731712
-5.16990033152
15.7750519042
1.6487811836
15.2548706675
4.77430738508
-18.1193055555
-5.77615486453
-8.56472735673
-1.48793016973
20.8572864564
4.8137895071
-12.860544805
25.4782236071
14.0112064983
17.065320609
13.2582409455
1.82196161571
12.9324331368
-1.17261745421
12.910670431
7.83323927305
-16.9974936779
-4.57987376787
4.52990803968
-1.66981050591
1.05264704393
-0.242477583211
18.2058053168
-1.58097082507
12.4692840918
-3.16775140431
1.14919073213
-8.36420151157
13.002690922
0.739843049222
1.74072922219
13.4381852164
7.23175268553
-10.1500359194
1.91351740234
-7.19069659171
7.48959959921
-10.0873546279
7.16723102328
-9.7703544231
2.54033827286
1.06397725111
-18.4997851011
-19.5256597745
6.15371128958
-4.58815760423
-0.129181977498
-3.24386933959
2.77573853817
-13.5916366044
-7.71501910173
-1.60388959039
-10.2744036014
-0.865727786748
-5.74587832808
17.1778584619
4.1333956139
11.1383668581
-8.04562207443
-7.84231939493
-10.1332344292
0.991934062498
-11.0681669859
-0.447413128297
9.99678555534
9.89737867869
-7.30824446708
-2.67285686317
9.55660890509
9.30283449106
2.86345637924
7.16419598434
-22.0081677659
9.61530329159
-14.8111793518
-13.6325896209
5.05114760324
-0.743785384483
7.0577539655
-7.03176634836
-16.1299551111
6.20840677865
-16.2939390371
4.46562514705
9.23679707312
8.94012295761
-14.6691723756
-18.8500307363
10.3064321783
-32.2756334906
-5.2738927768
-8.61035936464
-0.203081406434
-5.96779949872
11.6330512259
-3.20627540487
-7.2023525466
-8.81024167902
-13.2825349913
-4.42692399427
0.155154277887
9.10035875556
10.8694811972
-0.569859475805
-2.6982881132
-13.9578057742
0.273482597818
1.15872344816
2.88787590676
5.81672162315
6.65368890868
0.71503027196
-4.99983624917
5.3615779414
5.06626176571
17.9530866602
-1.89278652766
4.6759910904
9.65472999215
2.6465866743
4.13052351551
-17.4246481364
1.97912388919
14.648543618
-9.56641729186
6.08904243352
-4.77601553406
8.89512945514
-15.7799475633
8.04558040787
16.0118669436
6.08368303498
-7.34024443117
2.39760386988
11.7235949383
5.51918439443
4.73295738284
-0.726410128742
-3.89124707928
12.6676052331
-3.89013736317
-3.67179955119
-2.60552797641
2.04497047772
-0.873524701589
-15.0584916132
-14.8115992156
