0.434482979876
7.95095741894
-1.94475476535
-18.3337143243
-28.193629541
-10.4702190611
-11.7858440212
-4.4894993523
-5.27457197739
2.57737771674
-1.0265992639
9.25548520568
16.946370109
-20.3645532298
-12.8899558723
-7.43500204357
8.06601648449
-7.43471306698
0.775564179736
-12.2288059793
9.31732105542
-4.71583310335
13.5754031993
-12.3151447044
3.7303930104
3.21730198637
10.3555815773
1.38413251474
-5.66755915091
19.6857063772
9.9111947589
-8.11979314085
-13.0018133639
3.81697854214
-12.9892281991
8.5763282418
28.6124597234
-8.12716146284
-4.26434368432
-2.31998571046
13.1977388661
1.51585789125
-6.06539555442
0.823978255585
0.707876855749
-13.2357434623
11.9270867999
22.558766674
3.94602038405
-14.4516274429
-10.1158819484
14.9172677057
13.2185794899
9.84584169684
1.31012639297
5.13785529821
3.9968816951
6.87009054153
-5.02636294758
-0.178839021797
19.5491824523
-3.49640006786
-9.01660723004
-5.62627648777
-1.73122257806
5.36470073085
-3.53586397535
17.9431038686
-14.1108667655
-11.6662897904
14.5666058297
-10.8523783844
3.02940956712
5.42379972219
-5.46629695012
15.6418433752
1.30847245224
15.23444683
5.58074150537
-19.0201970464
-6.06586634619
-8.929319852
-1.0195327685
21.9002893148
6.11285947101
-12.6843935286
25.7474543838
14.2469354646
16.4282764751
12.5881155151
1.17022966839
14.1498749197
-0.478179421309
12.5191376084
7.96972848256
-16.9453026479
-4.45006424171
4.7801890307
-2.05811982983
0.146032674911
-1.96261290162
17.5745404003
-0.798181427435
12.1841091831
-3.8494924967
2.08564580087
-9.34306519667
13.3741013626
-0.209842292227
2.4330766507
14.0721416856
7.21268998062
-9.69926711929
2.06992941316
-8.12617138449
7.35994308339
-9.69985023102
7.10826923118
-10.7227986028
3.25178883414
1.04886261754
-18.9808408972
-19.6344756705
6.94418550207
-4.74702324066
-0.366571133399
-1.95284177666
2.23688438627
-14.7771796311
-6.25810655605
-0.836226901847
-11.0106992019
0.0438855540929
-5.56445092074
17.1998312522
5.00578735142
10.5638667358
-8.53007375051
-7.76154556858
-10.2763832166
1.93655856343
-11.9681024226
-1.20073798508
10.2659862342
8.42606033304
-7.25459615856
-2.31334069067
10.487897609
9.98333269027
3.84988312961
7.4280795684
-21.628770575
8.52655571292
-14.0176304396
-14.3422899852
4.62102098278
-1.05408557147
7.4884595813
-6.23374049391
-15.7334865041
5.74227488025
-17.6961132606
3.82204417292
10.4192241758
9.77400514883
-14.9225864196
-19.8841873462
10.2039565366
-33.5080489339
-4.70492129837
-7.91793138413
-0.276815949514
-5.34866990579
10.8688610384
-4.14434748265
-8.16953130461
-8.48525912189
-12.8710144671
-4.70063703682
-1.19955623564
9.1706875149
10.9127414961
-0.992550109476
-2.42844802896
-12.7185440435
-1.12740312865
1.02787424648
2.51355866759
5.9131884916
6.4534697766
0.832479347561
-4.19771305719
5.76259287653
4.09898299524
18.1210864119
-1.58264442162
4.26522187053
9.89138860024
2.01439564062
5.04144708905
-16.6102091114
2.58766795695
15.0709094289
-9.72825712092
5.75573905271
-4.58202356638
9.40917688766
-15.9010075382
8.06440073703
15.2865335409
7.07373615103
-7.38686929115
3.39538600439
12.7030955445
4.55931270313
4.78230277815
-1.78223513908
-3.97118682598
12.8811918232
-3.65705455442
-3.69008494593
-2.37722770741
3.42075957371
-0.368639307262
-14.2964421578
-14.1938173453
