0.701213224926
7.15234967996
-2.70394119502
-21.741184731
-25.6742607542
-7.73072603895
-12.4055408315
-4.9303519032
-7.20636717788
1.92247045658
-3.45428976163
9.58722548943
16.4010741883
-18.7431354655
-11.3956488015
-9.30706108564
8.2220674346
-6.51190549466
3.02564020234
-15.3056620642
8.89867605192
-2.68441105543
15.0148588304
-13.1668592131
4.44167844915
3.23794523401
9.47842817519
-2.85730833134
-4.09440534729
19.4031246713
8.36926368987
-8.81704862261
-11.4528062721
4.60270801028
-11.6114039044
7.53731794572
24.5039269883
-8.81399638445
-3.80432992432
1.08096042502
10.0324990577
1.12117747629
-4.95132488441
-0.780607213613
1.38684616195
-13.5807733404
10.5766530436
19.9556589389
5.44274905765
-15.1354668034
-12.1844914042
12.3898686946
14.1361808967
10.3557620812
1.48851102043
6.62613818891
9.95112376909
8.29346398261
-6.8797922629
-0.66500618352
17.9335418043
-0.00622795763605
-10.4120764369
-7.31147943341
-5.50822858136
4.52013735582
-4.53717089603
19.842027986
-14.2498645116
-17.5756364346
10.9502236193
-7.93544666312
7.00824999582
7.03590304075
-3.93303098034
15.8785616408
-0.353339016891
14.5487776038
5.2560048825
-17.364680046
-7.21757749564
-11.6075080349
-1.53229580921
22.1065587781
4.46949027776
-12.0331051036
24.1980090604
11.1256140743
17.9295668578
13.5538783011
2.54130543306
7.34925965489
-1.79086411499
14.4490358295
6.60801880608
-17.2969548543
-4.0459843565
5.33984318787
-1.56414731122
0.811584469471
0.667476519731
15.931762065
-2.90926999792
11.3679863053
-3.21672820611
-2.51779860013
-7.70035110311
13.3775052442
2.06483675283
-1.21241745608
13.3359192166
6.12990571319
-8.97921393041
4.22354071547
-8.04198781566
5.57145169668
-10.926953876
6.64335974191
-11.2429814151
4.21868153036
-1.0102763304
-15.9789977558
-17.9445812495
5.23867191998
-4.94795452841
-1.19616069089
-0.89335679115
2.66982909567
-13.7300627421
-5.78129263745
-3.65921326571
-8.61191805678
-3.13635382507
-2.61727237509
14.3216388748
5.08468083535
12.2386519731
-12.7014373776
-7.83977943308
-7.23755490792
1.52517233597
-10.3148507894
-1.0355812098
9.49522151298
9.62317511237
-9.48582690671
1.628612707
4.23517759035
6.85845950858
0.702430704297
10.4801920532
-22.5171229386
10.3303080983
-15.9753130637
-12.3942472672
5.02060079723
-1.35451654212
9.01301941464
-7.69682405868
-20.3214263157
5.7428649532
-16.2763321512
6.45247814617
10.9886009711
8.18281161617
-13.989949043
-20.1707456996
6.87853108198
-27.7108582043
-5.06350517163
-8.53056877001
-0.196341634451
-9.39821283467
12.4880602302
-0.547107719301
-3.85950333497
-6.81856834909
-13.2585346466
-2.78686967626
2.67833031453
13.2845717342
7.85895691137
1.36474438233
-3.21613783837
-13.1782568069
-2.10971318134
4.34293678076
1.64203202519
5.70026384274
6.59146192511
0.729033051504
-4.50085157218
1.5671100296
4.37184232359
15.0155523228
-6.37311224377
3.46668296318
9.19844365647
7.38226034434
5.9609019326
-14.5054053264
2.45186482873
15.7613996252
-8.86467200226
4.07141548076
-7.52997571115
7.76736527327
-13.5661868683
7.41505602156
16.1530974069
4.89969267367
-6.7383513925
2.02764892961
12.1094999062
3.95638515418
3.39820255992
1.53453175808
-1.59213553013
16.2606757829
-3.00062442787
-2.63735333549
0.0522890286906
-0.410646413548
-1.26461953194
-16.0780432856
-19.2961126588
