0.616085972247
-1.35258598907
1.2809792478
0.478086251727
-1.22805529261
-0.311104254304
1.78150237113
2.09814851675
-1.06647797958
0.580077485573
-2.54220772594
0.328382515757
1.1474600698
0.434722321802
-0.0370322229421
-0.138532118445
-1.17442630489
0.85908045084
0.246298970989
-4.39531505788
-1.41365031603
0.220220447691
2.25670972705
-3.72330694315
-0.706441584021
1.60820301546
-1.47100557487
-0.0411091034609
-0.011093774242
-0.736538440309
3.84810196692
0.905881846915
0.358097889201
-0.574227089529
-2.50278450584
0.135092779615
1.11432975391
-1.3027226067
-2.49795025527
0.651645727879
-0.38300942367
1.58423380697
0.787339001823
0.0155200669716
-1.28138821033
0.721194996873
4.26977885183
1.1953857251
1.26588357364
-1.10879998241
0.164109459604
1.26192539502
-1.22485788143
-2.12158288539
0.2466715159
1.31551284776
1.35590320495
-0.191756658007
0.448074456398
-0.215421859021
1.31280687761
-0.422746468475
1.18452464721
0.409566477985
0.0963441748072
-1.05125536546
0.420417094631
-1.14692080372
1.63970354214
0.0582167467922
-2.7796805587
-0.695698797291
0.549576422965
0.133646356797
-2.79333591049
-2.28150597172
0.270398831415
1.27144552624
2.2141764477
2.85253172903
1.05661082863
-0.0330840444067
2.15157326863
-1.5945819312
2.08750787506
-0.465553950599
0.0349024764184
2.30712257293
2.51110421441
0.714303657908
0.567994327013
-0.851922041689
-0.163084062117
0.264161546381
-1.0561095201
-1.16487207123
-0.589942997496
0.910862723264
2.25029266653
-1.38760062953
-2.51901853933
-0.405872191346
-0.753144478061
-0.798389503236
-0.724537199468
2.76412876929
3.14948671421
1.44357438314
0.609614660558
-0.493026958642
0.546291039812
-0.048058409223
1.40278860955
