0.0435611014569
-0.634704605775
-0.0252130324304
-1.33207829499
-0.344537378432
-1.25165692235
0.319605362525
0.0426680609748
-0.0424489964839
2.33659713917
-0.167430524557
1.29973981363
0.140882916136
1.02255554103
-1.79484100014
-0.0904277851485
-0.812702273026
-2.46317904872
1.86005437926
0.453039575277
0.967677518363
-0.613898277349
-0.0910872932917
1.03077218155
0.22210175999
0.287376486348
1.42089391251
0.160406696699
-0.531304832946
-0.211125283398
-0.758790537052
-0.116916270334
-0.0883522414392
0.595075459558
-0.194815688599
-0.578218123198
0.169464506188
-1.81618141225
-1.22886894574
0.217138849148
1.05387479679
0.184369258736
-0.0599957104413
-1.19128066515
-0.443557788406
0.605881520613
-0.747138370089
0.945226473476
0.347869497965
-0.172994328122
-1.56685555518
-1.23010662169
0.263738540986
-0.139505357819
0.27709540284
1.33510128852
-1.48045723027
-0.0519283344037
-1.11743200006
1.01675891521
-0.588989123609
-0.208892779427
1.0247274102
0.202850151106
-0.336249441961
-1.26624297753
0.528118701005
0.189752661003
2.02905623014
-0.774714173632
-0.710995500646
0.237112741064
1.91587512335
-0.516559013574
0.593316485103
-1.20097360006
0.208836565048
2.14242656468
0.529376980556
-0.956660014901
-1.47139993118
0.577445105619
1.51057982351
0.758823737032
-1.33993081062
0.760308523768
-0.814710541015
0.894101163235
1.9503320581
-1.34146754553
-1.0793381869
-2.07761737593
-1.16320565394
0.940669789247
-0.407640091025
0.709649784294
-0.414693952169
-0.533343574007
0.622487179255
0.294299881395
-0.575206082372
-0.206316301971
-1.51113035536
-0.471678627761
1.00074363322
0.901356306114
-1.614711238
0.0860471337312
1.15492551153
0.807950230766
0.63996044386
-0.847502486784
-0.773255749185
