0.056507008661
-0.569129138227
0.167420933397
-1.43082881384
-0.493659203006
-1.17003999654
0.180979986325
-0.120111190384
-0.191956973706
2.3144232334
-0.00316953477375
0.976029465897
0.248712580342
1.07045857988
-1.9111803537
-0.206348578605
-0.933915511869
-2.46232723528
1.93612717327
0.487868632146
0.865395461168
-0.524239073967
-0.107124758494
1.00622507386
0.162465953456
0.178537591102
1.40435158705
0.289936392843
-0.476007489142
-0.111025259458
-0.79831811112
-0.094939141275
-0.0533144390253
0.391446645648
-0.0525267282727
-0.549664936513
0.0244208178408
-1.61592166184
-1.04578189685
0.141502032664
1.14481941846
0.0600601725555
0.00367205937936
-1.25255138896
-0.500744191279
0.533495133785
-0.734173656822
1.02633508677
0.285262208449
-0.129011717654
-1.42960022122
-1.39415556318
0.10132393654
-0.00723533445879
0.350513105585
1.16923344852
-1.25050861709
0.0128176996759
-1.2200485892
1.16167809312
-0.615507134569
-0.258689525726
1.01639373752
0.275486938882
-0.430531512355
-1.17505247287
0.405790562515
0.367971305303
1.73084497562
-0.735360865981
-0.62720389714
0.24826284659
2.15445782075
-0.232494827505
0.516367753603
-1.22526991662
0.37903729119
2.07633537146
0.451881027599
-1.02684832913
-1.46622277618
0.534134178049
1.26860511801
1.04256320194
-1.4109327497
0.618307544272
-1.08532235337
0.846162847286
2.01327035673
-1.41473961491
-1.15480435476
-2.05353257622
-1.20186261223
1.00322130684
-0.335925587039
0.861091266863
-0.533243550053
-0.443098103326
0.482492786849
0.261535179453
-0.309679754318
-0.0982730745468
-1.44444341635
-0.528705513229
1.05124552777
1.03794356415
-1.74984414864
0.0989099580847
1.30209099892
0.759783205474
0.6938995626
-0.966945080315
-0.704927573252
